Year,"Prevalence of obesity, female (% of female population ages 18+)","Prevalence of obesity, male (% of male population ages 18+)"
1975,6.4,1.5
1976,6.7,1.6
1977,7.0,1.8
1978,7.3,1.9
1979,7.6,2.0
1980,7.9,2.2
1981,8.3,2.3
1982,8.6,2.4
1983,8.9,2.6
1984,9.2,2.7
1985,9.5,2.9
1986,9.8,3.0
1987,10.1,3.2
1988,10.3,3.3
1989,10.6,3.5
1990,10.9,3.6
1991,11.1,3.8
1992,11.4,3.9
1993,11.6,4.1
1994,11.8,4.2
1995,12.1,4.4
1996,12.3,4.5
1997,12.6,4.7
1998,12.8,4.9
1999,13.1,5.0
2000,13.3,5.2
2001,13.6,5.4
2002,13.9,5.5
2003,14.1,5.7
2004,14.4,5.9
2005,14.7,6.1
2006,15.0,6.3
2007,15.3,6.5
2008,15.6,6.7
2009,15.9,6.9
2010,16.3,7.1
2011,16.6,7.3
2012,16.9,7.6
2013,17.3,7.8
2014,17.6,8.1
2015,18.0,8.3
